6.800000000000000000e+01
1.200000000000000000e+02
7.000000000000000000e+01
1.370000000000000000e+02
7.400000000000000000e+01
1.510000000000000000e+02
8.100000000000000000e+01
1.640000000000000000e+02
8.800000000000000000e+01
1.780000000000000000e+02
1.010000000000000000e+02
1.890000000000000000e+02
1.100000000000000000e+02
1.960000000000000000e+02
1.190000000000000000e+02
2.030000000000000000e+02
1.370000000000000000e+02
2.070000000000000000e+02
1.550000000000000000e+02
1.980000000000000000e+02
1.660000000000000000e+02
1.890000000000000000e+02
1.750000000000000000e+02
1.800000000000000000e+02
1.840000000000000000e+02
1.640000000000000000e+02
1.870000000000000000e+02
1.490000000000000000e+02
1.890000000000000000e+02
1.350000000000000000e+02
1.890000000000000000e+02
1.170000000000000000e+02
1.890000000000000000e+02
1.020000000000000000e+02
7.400000000000000000e+01
1.060000000000000000e+02
8.100000000000000000e+01
1.020000000000000000e+02
9.000000000000000000e+01
9.900000000000000000e+01
9.700000000000000000e+01
9.900000000000000000e+01
1.060000000000000000e+02
9.900000000000000000e+01
1.390000000000000000e+02
9.500000000000000000e+01
1.460000000000000000e+02
9.300000000000000000e+01
1.550000000000000000e+02
8.800000000000000000e+01
1.640000000000000000e+02
8.800000000000000000e+01
1.730000000000000000e+02
9.300000000000000000e+01
1.260000000000000000e+02
1.200000000000000000e+02
1.260000000000000000e+02
1.310000000000000000e+02
1.280000000000000000e+02
1.420000000000000000e+02
1.280000000000000000e+02
1.510000000000000000e+02
1.210000000000000000e+02
1.550000000000000000e+02
1.240000000000000000e+02
1.580000000000000000e+02
1.300000000000000000e+02
1.580000000000000000e+02
1.350000000000000000e+02
1.550000000000000000e+02
1.390000000000000000e+02
1.530000000000000000e+02
8.800000000000000000e+01
1.200000000000000000e+02
9.200000000000000000e+01
1.170000000000000000e+02
1.010000000000000000e+02
1.150000000000000000e+02
1.080000000000000000e+02
1.200000000000000000e+02
1.010000000000000000e+02
1.220000000000000000e+02
9.500000000000000000e+01
1.220000000000000000e+02
1.440000000000000000e+02
1.130000000000000000e+02
1.510000000000000000e+02
1.080000000000000000e+02
1.570000000000000000e+02
1.060000000000000000e+02
1.640000000000000000e+02
1.080000000000000000e+02
1.570000000000000000e+02
1.130000000000000000e+02
1.510000000000000000e+02
1.150000000000000000e+02
1.170000000000000000e+02
1.760000000000000000e+02
1.190000000000000000e+02
1.710000000000000000e+02
1.260000000000000000e+02
1.670000000000000000e+02
1.300000000000000000e+02
1.670000000000000000e+02
1.350000000000000000e+02
1.640000000000000000e+02
1.440000000000000000e+02
1.690000000000000000e+02
1.510000000000000000e+02
1.710000000000000000e+02
1.460000000000000000e+02
1.780000000000000000e+02
1.390000000000000000e+02
1.820000000000000000e+02
1.330000000000000000e+02
1.820000000000000000e+02
1.260000000000000000e+02
1.850000000000000000e+02
1.210000000000000000e+02
1.800000000000000000e+02
1.170000000000000000e+02
1.760000000000000000e+02
1.280000000000000000e+02
1.730000000000000000e+02
1.330000000000000000e+02
1.710000000000000000e+02
1.370000000000000000e+02
1.710000000000000000e+02
1.480000000000000000e+02
1.710000000000000000e+02
1.370000000000000000e+02
1.730000000000000000e+02
1.330000000000000000e+02
1.730000000000000000e+02
1.260000000000000000e+02
1.760000000000000000e+02
