7.000000000000000000e+01
1.250000000000000000e+02
7.300000000000000000e+01
1.410000000000000000e+02
7.500000000000000000e+01
1.570000000000000000e+02
7.700000000000000000e+01
1.730000000000000000e+02
8.200000000000000000e+01
1.910000000000000000e+02
9.100000000000000000e+01
2.050000000000000000e+02
9.800000000000000000e+01
2.160000000000000000e+02
1.090000000000000000e+02
2.260000000000000000e+02
1.280000000000000000e+02
2.320000000000000000e+02
1.480000000000000000e+02
2.280000000000000000e+02
1.600000000000000000e+02
2.160000000000000000e+02
1.690000000000000000e+02
2.070000000000000000e+02
1.760000000000000000e+02
1.910000000000000000e+02
1.800000000000000000e+02
1.730000000000000000e+02
1.830000000000000000e+02
1.570000000000000000e+02
1.850000000000000000e+02
1.410000000000000000e+02
1.850000000000000000e+02
1.250000000000000000e+02
7.900000000000000000e+01
1.040000000000000000e+02
8.600000000000000000e+01
9.900000000000000000e+01
9.600000000000000000e+01
9.700000000000000000e+01
1.050000000000000000e+02
9.900000000000000000e+01
1.140000000000000000e+02
1.020000000000000000e+02
1.480000000000000000e+02
1.020000000000000000e+02
1.550000000000000000e+02
9.900000000000000000e+01
1.640000000000000000e+02
9.700000000000000000e+01
1.740000000000000000e+02
9.900000000000000000e+01
1.800000000000000000e+02
1.060000000000000000e+02
1.300000000000000000e+02
1.250000000000000000e+02
1.300000000000000000e+02
1.380000000000000000e+02
1.300000000000000000e+02
1.520000000000000000e+02
1.280000000000000000e+02
1.640000000000000000e+02
1.180000000000000000e+02
1.700000000000000000e+02
1.230000000000000000e+02
1.700000000000000000e+02
1.300000000000000000e+02
1.730000000000000000e+02
1.350000000000000000e+02
1.700000000000000000e+02
1.390000000000000000e+02
1.700000000000000000e+02
9.100000000000000000e+01
1.200000000000000000e+02
9.600000000000000000e+01
1.180000000000000000e+02
1.050000000000000000e+02
1.180000000000000000e+02
1.120000000000000000e+02
1.220000000000000000e+02
1.050000000000000000e+02
1.250000000000000000e+02
9.600000000000000000e+01
1.250000000000000000e+02
1.480000000000000000e+02
1.220000000000000000e+02
1.550000000000000000e+02
1.180000000000000000e+02
1.640000000000000000e+02
1.180000000000000000e+02
1.690000000000000000e+02
1.220000000000000000e+02
1.640000000000000000e+02
1.250000000000000000e+02
1.550000000000000000e+02
1.250000000000000000e+02
1.070000000000000000e+02
1.930000000000000000e+02
1.140000000000000000e+02
1.890000000000000000e+02
1.230000000000000000e+02
1.870000000000000000e+02
1.300000000000000000e+02
1.890000000000000000e+02
1.350000000000000000e+02
1.870000000000000000e+02
1.440000000000000000e+02
1.890000000000000000e+02
1.530000000000000000e+02
1.910000000000000000e+02
1.440000000000000000e+02
1.980000000000000000e+02
1.370000000000000000e+02
2.030000000000000000e+02
1.300000000000000000e+02
2.030000000000000000e+02
1.210000000000000000e+02
2.030000000000000000e+02
1.140000000000000000e+02
1.980000000000000000e+02
1.070000000000000000e+02
1.930000000000000000e+02
1.230000000000000000e+02
1.930000000000000000e+02
1.300000000000000000e+02
1.930000000000000000e+02
1.370000000000000000e+02
1.930000000000000000e+02
1.510000000000000000e+02
1.910000000000000000e+02
1.370000000000000000e+02
1.930000000000000000e+02
1.300000000000000000e+02
1.930000000000000000e+02
1.210000000000000000e+02
1.930000000000000000e+02
